0,0,0,0 0,0,0,0 0,0,0,0 0,0,0,0 0,0,0,0 0,0,0,0 0,0,0,0 0,0,0,0 0,0,0,0 0,0,0,0 0,0,0,0 0,0,0,0 0,0,0,0 0,0,0,0 0,0,0,0 0,0,0,0 0,0,0,0 0,0,0,0 0,0,0,0 0,0,0,0 0,0,0,0 0,0,0,0 0,0,0,0 0,0,0,0 0,0,0,0 0,0,0,0 0,0,0,0 0,0,0,0 0,0,0,0 0,0,0,0 0,0,0,0 0,0,0,0 0,0,0,0 0,0,0,0 0,0,0,0 0,0,0,0 0,0,0,0 0,0,0,0 0,0,0,0 0,0,0,0 0,0,0,0 0,0,0,0 0,0,0,0 0,0,0,0 0,0,0,0 0,0,0,0 0,0,0,0 0,0,0,0 0,0,0,0 0,0,0,0 0,0,0,0 0,0,0,0 0,0,0,0 0,0,0,0 0,0,0,0 0,0,0,0 0,0,0,0 0,0,0,0 0,0,0,0 0,0,0,0 0,0,0,0 0,0,0,0 0,0,0,0 0,0,0,0 
0,0,0,0 0,0,0,0 0,0,0,0 0,0,0,0 0,0,0,0 0,0,0,0 0,0,0,0 0,0,0,0 0,0,0,0 0,0,0,0 0,0,0,0 0,0,0,0 0,0,0,0 0,0,0,0 0,0,0,0 0,0,0,0 0,0,0,0 0,0,0,0 0,0,0,0 0,0,0,0 0,0,0,0 0,0,0,0 0,0,0,0 0,0,0,0 0,0,0,0 0,0,0,0 0,0,0,0 0,0,0,0 0,0,0,0 0,0,0,0 0,0,0,0 0,0,0,0 0,0,0,0 0,0,0,0 0,0,0,0 0,0,0,0 0,0,0,0 0,0,0,0 0,0,0,0 0,0,0,0 0,0,0,0 0,0,0,0 0,0,0,0 0,0,0,0 0,0,0,0 0,0,0,0 0,0,0,0 0,0,0,0 0,0,0,0 0,0,0,0 0,0,0,0 0,0,0,0 0,0,0,0 0,0,0,0 0,0,0,0 0,0,0,0 0,0,0,0 0,0,0,0 0,0,0,0 0,0,0,0 0,0,0,0 0,0,0,0 0,0,0,0 0,0,0,0 
0,0,0,0 0,0,0,0 0,0,0,0 0,0,0,0 0,0,0,0 0,0,0,0 0,0,0,0 0,0,0,0 0,0,0,0 0,0,0,0 0,0,0,0 0,0,0,0 0,0,0,0 0,0,0,0 0,0,0,0 0,0,0,0 0,0,0,0 0,0,0,0 0,0,0,0 0,0,0,0 0,0,0,0 0,0,0,0 0,0,0,0 0,0,0,0 0,0,0,0 0,0,0,0 0,0,0,0 0,0,0,0 0,0,0,0 0,0,0,0 0,0,0,0 0,0,0,0 0,0,0,0 0,0,0,0 0,0,0,0 0,0,0,0 0,0,0,0 0,0,0,0 0,0,0,0 0,0,0,0 0,0,0,0 0,0,0,0 0,0,0,0 0,0,0,0 0,0,0,0 0,0,0,0 0,0,0,0 0,0,0,0 0,0,0,0 0,0,0,0 0,0,0,0 0,0,0,0 0,0,0,0 0,0,0,0 0,0,0,0 0,0,0,0 0,0,0,0 0,0,0,0 0,0,0,0 0,0,0,0 0,0,0,0 0,0,0,0 0,0,0,0 0,0,0,0 
0,0,0,0 0,0,0,0 0,0,0,0 0,0,0,0 0,0,0,0 0,0,0,0 0,0,0,0 0,0,0,0 0,0,0,0 0,0,0,0 0,0,0,0 0,0,0,0 0,0,0,0 0,0,0,0 0,0,0,0 0,0,0,0 0,0,0,0 0,0,0,0 0,0,0,0 0,0,0,0 0,0,0,0 0,0,0,0 0,0,0,0 0,0,0,0 0,0,0,0 0,0,0,0 0,0,0,0 0,0,0,0 0,0,0,0 0,0,0,0 0,0,0,0 0,0,0,0 0,0,0,0 0,0,0,0 0,0,0,0 0,0,0,0 0,0,0,0 0,0,0,0 0,0,0,0 0,0,0,0 0,0,0,0 0,0,0,0 0,0,0,0 0,0,0,0 0,0,0,0 0,0,0,0 0,0,0,0 0,0,0,0 0,0,0,0 0,0,0,0 0,0,0,0 0,0,0,0 0,0,0,0 0,0,0,0 0,0,0,0 0,0,0,0 0,0,0,0 0,0,0,0 0,0,0,0 0,0,0,0 0,0,0,0 0,0,0,0 0,0,0,0 0,0,0,0 
0,0,0,0 0,0,0,0 0,0,0,0 0,0,0,0 0,0,0,0 0,0,0,0 0,0,0,0 0,0,0,0 0,0,0,0 0,0,0,0 0,0,0,0 0,0,0,0 0,0,0,0 0,0,0,0 0,0,0,0 0,0,0,0 0,0,0,0 0,0,0,0 0,0,0,0 0,0,0,0 0,0,0,0 0,0,0,0 0,0,0,0 0,0,0,0 0,0,0,0 0,0,0,16 0,0,0,63 0,0,0,127 0,0,0,191 7,7,7,215 0,0,0,255 0,0,0,255 0,0,0,255 0,0,0,255 4,4,4,228 0,0,0,191 0,0,0,127 0,0,0,79 0,0,0,16 0,0,0,0 0,0,0,0 0,0,0,0 0,0,0,0 0,0,0,0 0,0,0,0 0,0,0,0 0,0,0,0 0,0,0,0 0,0,0,0 0,0,0,0 0,0,0,0 0,0,0,0 0,0,0,0 0,0,0,0 0,0,0,0 0,0,0,0 0,0,0,0 0,0,0,0 0,0,0,0 0,0,0,0 0,0,0,0 0,0,0,0 0,0,0,0 0,0,0,0 
0,0,0,0 0,0,0,0 0,0,0,0 0,0,0,0 0,0,0,0 0,0,0,0 0,0,0,0 0,0,0,0 0,0,0,0 0,0,0,0 0,0,0,0 0,0,0,0 0,0,0,0 0,0,0,0 0,0,0,0 0,0,0,0 0,0,0,0 0,0,0,0 0,0,0,0 0,0,0,0 0,0,0,0 0,0,0,0 0,0,0,0 0,0,0,64 0,0,0,159 0,0,0,255 0,0,0,255 0,0,0,255 0,0,0,255 0,0,0,255 51,51,51,255 51,51,51,255 51,51,51,255 51,51,51,255 12,12,12,255 0,0,0,255 0,0,0,255 0,0,0,255 1,1,1,240 0,0,0,159 0,0,0,64 0,0,0,0 0,0,0,0 0,0,0,0 0,0,0,0 0,0,0,0 0,0,0,0 0,0,0,0 0,0,0,0 0,0,0,0 0,0,0,0 0,0,0,0 0,0,0,0 0,0,0,0 0,0,0,0 0,0,0,0 0,0,0,0 0,0,0,0 0,0,0,0 0,0,0,0 0,0,0,0 0,0,0,0 0,0,0,0 0,0,0,0 
0,0,0,0 0,0,0,0 0,0,0,0 0,0,0,0 0,0,0,0 0,0,0,0 0,0,0,0 0,0,0,0 0,0,0,0 0,0,0,0 0,0,0,0 0,0,0,0 0,0,0,0 0,0,0,0 0,0,0,0 0,0,0,0 0,0,0,0 0,0,0,0 0,0,0,0 0,0,0,0 0,0,0,0 0,0,0,64 0,0,0,223 0,0,0,255 0,0,0,255 25,25,25,255 102,102,102,255 156,156,156,255 201,201,201,255 212,212,212,255 215,215,215,255 216,216,216,255 216,216,216,255 215,215,215,255 212,212,212,255 211,211,211,255 153,153,153,255 89,89,89,255 25,25,25,255 0,0,0,255 0,0,0,255 0,0,0,191 0,0,0,64 0,0,0,0 0,0,0,0 0,0,0,0 0,0,0,0 0,0,0,0 0,0,0,0 0,0,0,0 0,0,0,0 0,0,0,0 0,0,0,0 0,0,0,0 0,0,0,0 0,0,0,0 0,0,0,0 0,0,0,0 0,0,0,0 0,0,0,0 0,0,0,0 0,0,0,0 0,0,0,0 0,0,0,0 
0,0,0,0 0,0,0,0 0,0,0,0 0,0,0,0 0,0,0,0 0,0,0,0 0,0,0,0 0,0,0,0 0,0,0,0 0,0,0,0 0,0,0,0 0,0,0,0 0,0,0,0 0,0,0,0 0,0,0,0 0,0,0,0 0,0,0,0 0,0,0,0 0,0,0,0 0,0,0,32 0,0,0,175 0,0,0,255 0,0,0,255 76,76,76,255 154,154,154,255 211,211,211,255 219,219,219,255 227,227,227,255 186,186,186,255 172,172,172,255 144,144,144,255 115,115,115,255 115,115,115,255 144,144,144,255 172,172,172,255 186,186,186,255 226,226,226,255 218,218,218,255 210,210,210,255 153,153,153,255 63,63,63,255 0,0,0,255 0,0,0,255 0,0,0,175 0,0,0,16 0,0,0,0 0,0,0,0 0,0,0,0 0,0,0,0 0,0,0,0 0,0,0,0 0,0,0,0 0,0,0,0 0,0,0,0 0,0,0,0 0,0,0,0 0,0,0,0 0,0,0,0 0,0,0,0 0,0,0,0 0,0,0,0 0,0,0,0 0,0,0,0 0,0,0,0 
0,0,0,0 0,0,0,0 0,0,0,0 0,0,0,0 0,0,0,0 0,0,0,0 0,0,0,0 0,0,0,0 0,0,0,0 0,0,0,0 0,0,0,0 0,0,0,0 0,0,0,0 0,0,0,0 0,0,0,0 0,0,0,0 0,0,0,0 0,0,0,0 0,0,0,0 12,12,12,170 0,0,0,255 51,51,51,255 168,168,168,255 214,214,214,255 225,225,225,255 158,158,158,255 101,101,101,255 29,29,29,255 0,0,0,255 0,0,0,255 0,0,0,255 0,0,0,255 0,0,0,255 0,0,0,255 0,0,0,255 0,0,0,255 29,29,29,255 101,101,101,255 172,172,172,255 225,225,225,255 213,213,213,255 154,154,154,255 38,38,38,255 0,0,0,255 1,1,1,224 0,0,0,48 0,0,0,0 0,0,0,0 0,0,0,0 0,0,0,0 0,0,0,0 0,0,0,0 0,0,0,0 0,0,0,0 0,0,0,0 0,0,0,0 0,0,0,0 0,0,0,0 0,0,0,0 0,0,0,0 0,0,0,0 0,0,0,0 0,0,0,0 0,0,0,0 
0,0,0,0 0,0,0,0 0,0,0,0 0,0,0,0 0,0,0,0 0,0,0,0 0,0,0,0 0,0,0,0 0,0,0,0 0,0,0,0 0,0,0,0 0,0,0,0 0,0,0,0 0,0,0,0 0,0,0,0 0,0,0,0 0,0,0,0 0,0,0,0 205,205,205,86 177,177,177,246 132,132,132,255 216,216,216,255 226,226,226,255 171,171,171,255 29,29,29,255 0,0,0,255 0,0,0,255 6,13,13,255 36,75,76,255 49,100,102,255 61,125,127,255 73,150,153,255 73,150,153,255 73,150,153,255 49,100,102,255 36,75,76,255 12,25,26,255 0,0,0,255 0,0,0,255 58,58,58,255 171,171,171,255 225,225,225,255 215,215,215,255 107,107,107,255 0,0,0,255 2,2,2,242 0,0,0,96 0,0,0,0 0,0,0,0 0,0,0,0 0,0,0,0 0,0,0,0 0,0,0,0 0,0,0,0 0,0,0,0 0,0,0,0 0,0,0,0 0,0,0,0 0,0,0,0 0,0,0,0 0,0,0,0 0,0,0,0 0,0,0,0 0,0,0,0 
0,0,0,0 0,0,0,0 0,0,0,0 0,0,0,0 0,0,0,0 0,0,0,0 0,0,0,0 0,0,0,0 0,0,0,0 0,0,0,0 0,0,0,0 0,0,0,0 0,0,0,0 0,0,0,0 0,0,0,0 0,0,0,0 0,0,0,96 61,61,61,181 204,204,204,255 204,204,204,255 219,219,219,255 200,200,200,255 58,58,58,255 0,0,0,255 0,0,0,255 37,76,77,255 79,163,165,255 98,201,204,255 98,201,204,255 98,201,204,255 98,201,204,255 98,201,204,255 98,201,204,255 98,201,204,255 98,201,204,255 98,201,204,255 98,201,204,255 73,150,153,255 84,88,88,255 0,0,0,255 0,0,0,255 58,58,58,255 214,214,214,255 217,217,217,255 153,153,153,255 12,12,12,255 0,0,0,255 0,0,0,96 0,0,0,0 0,0,0,0 0,0,0,0 0,0,0,0 0,0,0,0 0,0,0,0 0,0,0,0 0,0,0,0 0,0,0,0 0,0,0,0 0,0,0,0 0,0,0,0 0,0,0,0 0,0,0,0 0,0,0,0 0,0,0,0 
0,0,0,0 0,0,0,0 0,0,0,0 0,0,0,0 0,0,0,0 0,0,0,0 0,0,0,0 0,0,0,0 0,0,0,0 0,0,0,0 0,0,0,0 0,0,0,0 0,0,0,0 0,0,0,0 0,0,0,0 0,0,0,64 0,0,0,255 25,25,25,255 205,205,205,255 223,223,223,255 171,171,171,255 15,15,15,255 0,0,0,255 31,63,64,255 85,175,178,255 98,201,204,255 98,201,204,255 98,201,204,255 98,201,204,255 98,201,204,255 98,201,204,255 98,201,204,255 98,201,204,255 98,201,204,255 98,201,204,255 98,201,204,255 98,201,204,255 132,154,155,255 255,255,255,255 207,207,207,255 64,64,64,255 0,0,0,255 15,15,15,255 186,186,186,255 221,221,221,255 168,168,168,255 12,12,12,255 0,0,0,255 0,0,0,64 0,0,0,0 0,0,0,0 0,0,0,0 0,0,0,0 0,0,0,0 0,0,0,0 0,0,0,0 0,0,0,0 0,0,0,0 0,0,0,0 0,0,0,0 0,0,0,0 0,0,0,0 0,0,0,0 0,0,0,0 
0,0,0,0 0,0,0,0 0,0,0,0 0,0,0,0 0,0,0,0 0,0,0,0 0,0,0,0 0,0,0,0 0,0,0,0 0,0,0,0 0,0,0,0 0,0,0,0 0,0,0,0 0,0,0,0 0,0,0,32 2,2,2,241 0,0,0,255 166,166,166,255 222,222,222,255 143,143,143,255 0,0,0,255 6,13,13,255 61,125,127,255 98,201,204,255 98,201,204,255 98,201,204,255 98,201,204,255 98,201,204,255 98,201,204,255 98,201,204,255 98,201,204,255 98,201,204,255 98,201,204,255 98,201,204,255 98,201,204,255 98,201,204,255 122,151,152,255 255,255,255,255 255,255,255,255 255,255,255,255 255,255,255,255 143,143,143,255 0,0,0,255 0,0,0,255 143,143,143,255 220,220,220,255 165,165,165,255 0,0,0,255 0,0,0,240 0,0,0,16 0,0,0,0 0,0,0,0 0,0,0,0 0,0,0,0 0,0,0,0 0,0,0,0 0,0,0,0 0,0,0,0 0,0,0,0 0,0,0,0 0,0,0,0 0,0,0,0 0,0,0,0 0,0,0,0 
0,0,0,0 0,0,0,0 0,0,0,0 0,0,0,0 0,0,0,0 0,0,0,0 0,0,0,0 0,0,0,0 0,0,0,0 0,0,0,0 0,0,0,0 0,0,0,0 0,0,0,0 0,0,0,0 1,1,1,208 0,0,0,255 127,127,127,255 218,218,218,255 157,157,157,255 0,0,0,255 6,13,13,255 79,163,165,255 98,201,204,255 98,201,204,255 98,201,204,255 98,201,204,255 98,201,204,255 98,201,204,255 98,201,204,255 98,201,204,255 98,201,204,255 98,201,204,255 98,201,204,255 98,201,204,255 98,201,204,255 134,174,176,255 255,255,255,255 255,255,255,255 255,255,255,255 255,255,255,255 255,255,255,255 255,255,255,255 177,180,180,255 6,13,13,255 0,0,0,255 171,171,171,255 217,217,217,255 114,114,114,255 0,0,0,255 0,0,0,191 0,0,0,0 0,0,0,0 0,0,0,0 0,0,0,0 0,0,0,0 0,0,0,0 0,0,0,0 0,0,0,0 0,0,0,0 0,0,0,0 0,0,0,0 0,0,0,0 0,0,0,0 0,0,0,0 
0,0,0,0 0,0,0,0 0,0,0,0 0,0,0,0 0,0,0,0 0,0,0,0 0,0,0,0 0,0,0,0 0,0,0,0 0,0,0,0 0,0,0,0 0,0,0,0 0,0,0,0 0,0,0,96 0,0,0,255 63,63,63,255 214,214,214,255 186,186,186,255 15,15,15,255 6,13,13,255 79,163,165,255 98,201,204,255 98,201,204,255 98,201,204,255 98,201,204,255 98,201,204,255 98,201,204,255 98,201,204,255 98,201,204,255 98,201,204,255 98,201,204,255 98,201,204,255 98,201,204,255 98,201,204,255 134,174,176,255 255,255,255,255 255,255,255,255 255,255,255,255 255,255,255,255 255,255,255,255 255,255,255,255 240,240,240,255 112,180,182,255 73,150,153,255 0,0,0,255 15,15,15,255 186,186,186,255 212,212,212,255 51,51,51,255 0,0,0,255 0,0,0,96 0,0,0,0 0,0,0,0 0,0,0,0 0,0,0,0 0,0,0,0 0,0,0,0 0,0,0,0 0,0,0,0 0,0,0,0 0,0,0,0 0,0,0,0 0,0,0,0 0,0,0,0 
0,0,0,0 0,0,0,0 0,0,0,0 0,0,0,0 0,0,0,0 0,0,0,0 0,0,0,0 0,0,0,0 0,0,0,0 0,0,0,0 0,0,0,0 0,0,0,0 0,0,0,0 3,3,3,226 0,0,0,255 180,180,180,255 226,226,226,255 29,29,29,255 0,0,0,255 73,151,153,255 98,201,204,255 98,201,204,255 98,201,204,255 98,201,204,255 98,201,204,255 98,201,204,255 98,201,204,255 98,201,204,255 98,201,204,255 98,201,204,255 98,201,204,255 98,201,204,255 98,201,204,255 134,174,176,255 255,255,255,255 255,255,255,255 255,255,255,255 255,255,255,255 255,255,255,255 255,255,255,255 240,240,240,255 112,180,182,255 98,201,204,255 98,201,204,255 61,125,127,255 0,0,0,255 43,43,43,255 225,225,225,255 179,179,179,255 0,0,0,255 0,0,0,223 0,0,0,0 0,0,0,0 0,0,0,0 0,0,0,0 0,0,0,0 0,0,0,0 0,0,0,0 0,0,0,0 0,0,0,0 0,0,0,0 0,0,0,0 0,0,0,0 0,0,0,0 
0,0,0,0 0,0,0,0 0,0,0,0 0,0,0,0 0,0,0,0 0,0,0,0 0,0,0,0 0,0,0,0 0,0,0,0 0,0,0,0 0,0,0,0 0,0,0,0 0,0,0,96 0,0,0,255 102,102,102,255 217,217,217,255 128,128,128,255 0,0,0,255 37,76,77,255 98,201,204,255 98,201,204,255 98,201,204,255 98,201,204,255 98,201,204,255 98,201,204,255 98,201,204,255 98,201,204,255 98,201,204,255 98,201,204,255 98,201,204,255 98,201,204,255 98,201,204,255 134,174,176,255 255,255,255,255 255,255,255,255 255,255,255,255 255,255,255,255 255,255,255,255 255,255,255,255 240,240,240,255 112,180,182,255 98,201,204,255 98,201,204,255 98,201,204,255 98,201,204,255 31,63,64,255 0,0,0,255 143,143,143,255 216,216,216,255 76,76,76,255 0,0,0,255 0,0,0,96 0,0,0,0 0,0,0,0 0,0,0,0 0,0,0,0 0,0,0,0 0,0,0,0 0,0,0,0 0,0,0,0 0,0,0,0 0,0,0,0 0,0,0,0 0,0,0,0 
0,0,0,0 0,0,0,0 0,0,0,0 0,0,0,0 0,0,0,0 0,0,0,0 0,0,0,0 0,0,0,0 0,0,0,0 0,0,0,0 0,0,0,0 0,0,0,0 1,1,1,224 12,12,12,255 196,196,196,255 214,214,214,255 15,15,15,255 6,13,13,255 91,188,191,255 98,201,204,255 98,201,204,255 98,201,204,255 98,201,204,255 98,201,204,255 98,201,204,255 98,201,204,255 98,201,204,255 98,201,204,255 98,201,204,255 98,201,204,255 98,201,204,255 134,174,176,255 255,255,255,255 255,255,255,255 255,255,255,255 255,255,255,255 255,255,255,255 255,255,255,255 240,240,240,255 112,180,182,255 98,201,204,255 98,201,204,255 98,201,204,255 98,201,204,255 98,201,204,255 85,175,178,255 0,0,0,255 29,29,29,255 227,227,227,255 182,182,182,255 0,0,0,255 0,0,0,207 0,0,0,0 0,0,0,0 0,0,0,0 0,0,0,0 0,0,0,0 0,0,0,0 0,0,0,0 0,0,0,0 0,0,0,0 0,0,0,0 0,0,0,0 0,0,0,0 
0,0,0,0 0,0,0,0 0,0,0,0 0,0,0,0 0,0,0,0 0,0,0,0 0,0,0,0 0,0,0,0 0,0,0,0 0,0,0,0 0,0,0,0 0,0,0,32 0,0,0,255 63,63,63,255 214,214,214,255 128,128,128,255 0,0,0,255 55,113,115,255 98,201,204,255 98,201,204,255 98,201,204,255 98,201,204,255 98,201,204,255 98,201,204,255 98,201,204,255 98,201,204,255 98,201,204,255 98,201,204,255 98,201,204,255 98,201,204,255 134,174,176,255 255,255,255,255 255,255,255,255 255,255,255,255 255,255,255,255 255,255,255,255 255,255,255,255 240,240,240,255 112,180,182,255 98,201,204,255 98,201,204,255 98,201,204,255 98,201,204,255 98,201,204,255 98,201,204,255 98,201,204,255 56,98,100,255 0,0,0,255 143,143,143,255 212,212,212,255 63,63,63,255 0,0,0,255 0,0,0,32 0,0,0,0 0,0,0,0 0,0,0,0 0,0,0,0 0,0,0,0 0,0,0,0 0,0,0,0 0,0,0,0 0,0,0,0 0,0,0,0 0,0,0,0 
0,0,0,0 0,0,0,0 0,0,0,0 0,0,0,0 0,0,0,0 0,0,0,0 0,0,0,0 0,0,0,0 0,0,0,0 0,0,0,0 0,0,0,0 0,0,0,112 0,0,0,255 127,127,127,255 222,222,222,255 43,43,43,255 0,0,0,255 86,176,179,255 98,201,204,255 98,201,204,255 98,201,204,255 98,201,204,255 98,201,204,255 98,201,204,255 98,201,204,255 98,201,204,255 98,201,204,255 98,201,204,255 98,201,204,255 134,174,176,255 255,255,255,255 255,255,255,255 255,255,255,255 255,255,255,255 255,255,255,255 255,255,255,255 240,240,240,255 112,180,182,255 98,201,204,255 98,201,204,255 98,201,204,255 98,201,204,255 98,201,204,255 98,201,204,255 98,201,204,255 113,181,182,255 208,209,209,255 0,0,0,255 71,71,71,255 221,221,221,255 127,127,127,255 0,0,0,255 0,0,0,112 0,0,0,0 0,0,0,0 0,0,0,0 0,0,0,0 0,0,0,0 0,0,0,0 0,0,0,0 0,0,0,0 0,0,0,0 0,0,0,0 0,0,0,0 
0,0,0,0 0,0,0,0 0,0,0,0 0,0,0,0 0,0,0,0 0,0,0,0 0,0,0,0 0,0,0,0 0,0,0,0 0,0,0,0 0,0,0,0 0,0,0,192 0,0,0,255 180,180,180,255 213,213,213,255 0,0,0,255 31,63,64,255 98,201,204,255 98,201,204,255 98,201,204,255 98,201,204,255 98,201,204,255 98,201,204,255 98,201,204,255 98,201,204,255 98,201,204,255 98,201,204,255 98,201,204,255 134,174,176,255 255,255,255,255 255,255,255,255 255,255,255,255 255,255,255,255 255,255,255,255 255,255,255,255 240,240,240,255 112,180,182,255 98,201,204,255 98,201,204,255 98,201,204,255 98,201,204,255 98,201,204,255 98,201,204,255 98,201,204,255 113,181,182,255 239,239,239,255 255,255,255,255 48,48,48,255 0,0,0,255 227,227,227,255 179,179,179,255 0,0,0,255 0,0,0,176 0,0,0,0 0,0,0,0 0,0,0,0 0,0,0,0 0,0,0,0 0,0,0,0 0,0,0,0 0,0,0,0 0,0,0,0 0,0,0,0 0,0,0,0 
0,0,0,0 0,0,0,0 0,0,0,0 0,0,0,0 0,0,0,0 0,0,0,0 0,0,0,0 0,0,0,0 0,0,0,0 0,0,0,0 0,0,0,0 0,0,0,255 38,38,38,255 211,211,211,255 157,157,157,255 0,0,0,255 49,101,102,255 98,201,204,255 98,201,204,255 98,201,204,255 98,201,204,255 98,201,204,255 98,201,204,255 98,201,204,255 98,201,204,255 98,201,204,255 98,201,204,255 134,174,176,255 255,255,255,255 255,255,255,255 255,255,255,255 255,255,255,255 255,255,255,255 255,255,255,255 240,240,240,255 112,180,182,255 98,201,204,255 98,201,204,255 98,201,204,255 98,201,204,255 98,201,204,255 98,201,204,255 98,201,204,255 113,181,182,255 239,239,239,255 255,255,255,255 255,255,255,255 128,128,128,255 0,0,0,255 171,171,171,255 208,208,208,255 0,0,0,255 0,0,0,223 0,0,0,0 0,0,0,0 0,0,0,0 0,0,0,0 0,0,0,0 0,0,0,0 0,0,0,0 0,0,0,0 0,0,0,0 0,0,0,0 0,0,0,0 
0,0,0,0 0,0,0,0 0,0,0,0 0,0,0,0 0,0,0,0 0,0,0,0 0,0,0,0 0,0,0,0 0,0,0,0 0,0,0,0 0,0,0,0 0,0,0,255 51,51,51,255 212,212,212,255 114,114,114,255 0,0,0,255 67,138,141,255 98,201,204,255 98,201,204,255 98,201,204,255 98,201,204,255 98,201,204,255 98,201,204,255 98,201,204,255 98,201,204,255 98,201,204,255 134,174,176,255 255,255,255,255 255,255,255,255 255,255,255,255 255,255,255,255 255,255,255,255 255,255,255,255 240,240,240,255 112,180,182,255 98,201,204,255 98,201,204,255 98,201,204,255 98,201,204,255 98,201,204,255 98,201,204,255 98,201,204,255 113,181,182,255 239,239,239,255 255,255,255,255 255,255,255,255 255,255,255,255 160,160,160,255 0,0,0,255 143,143,143,255 211,211,211,255 51,51,51,255 0,0,0,255 0,0,0,0 0,0,0,0 0,0,0,0 0,0,0,0 0,0,0,0 0,0,0,0 0,0,0,0 0,0,0,0 0,0,0,0 0,0,0,0 0,0,0,0 
0,0,0,0 0,0,0,0 0,0,0,0 0,0,0,0 0,0,0,0 0,0,0,0 0,0,0,0 0,0,0,0 0,0,0,0 0,0,0,0 0,0,0,16 0,0,0,255 51,51,51,255 215,215,215,255 114,114,114,255 0,0,0,255 80,164,166,255 98,201,204,255 98,201,204,255 98,201,204,255 98,201,204,255 98,201,204,255 98,201,204,255 98,201,204,255 98,201,204,255 134,174,176,255 255,255,255,255 255,255,255,255 255,255,255,255 255,255,255,255 255,255,255,255 255,255,255,255 240,240,240,255 112,180,182,255 98,201,204,255 98,201,204,255 98,201,204,255 98,201,204,255 98,201,204,255 98,201,204,255 98,201,204,255 113,181,182,255 239,239,239,255 255,255,255,255 255,255,255,255 255,255,255,255 255,255,255,255 192,192,192,255 0,0,0,255 114,114,114,255 213,213,213,255 51,51,51,255 0,0,0,255 0,0,0,0 0,0,0,0 0,0,0,0 0,0,0,0 0,0,0,0 0,0,0,0 0,0,0,0 0,0,0,0 0,0,0,0 0,0,0,0 0,0,0,0 
0,0,0,0 0,0,0,0 0,0,0,0 0,0,0,0 0,0,0,0 0,0,0,0 0,0,0,0 0,0,0,0 0,0,0,0 0,0,0,0 0,0,0,64 0,0,0,255 102,102,102,255 218,218,218,255 71,71,71,255 0,0,0,255 0,0,0,255 0,0,0,255 0,0,0,255 0,0,0,255 0,0,0,255 0,0,0,255 0,0,0,255 0,0,0,255 0,0,0,255 0,0,0,255 0,0,0,255 0,0,0,255 0,0,0,255 0,0,0,255 0,0,0,255 0,0,0,255 0,0,0,255 0,0,0,255 0,0,0,255 0,0,0,255 0,0,0,255 0,0,0,255 0,0,0,255 0,0,0,255 0,0,0,255 0,0,0,255 0,0,0,255 0,0,0,255 0,0,0,255 0,0,0,255 0,0,0,255 0,0,0,255 0,0,0,255 114,114,114,255 216,216,216,255 63,63,63,255 0,0,0,255 0,0,0,48 0,0,0,0 0,0,0,0 0,0,0,0 0,0,0,0 0,0,0,0 0,0,0,0 0,0,0,0 0,0,0,0 0,0,0,0 0,0,0,0 
0,0,0,0 0,0,0,0 0,0,0,0 0,0,0,0 0,0,0,0 0,0,0,0 0,0,0,0 0,0,0,0 0,0,0,0 0,0,0,0 0,0,0,64 0,0,0,255 102,102,102,255 218,218,218,255 171,171,171,255 57,57,57,255 57,57,57,255 57,57,57,255 57,57,57,255 57,57,57,255 57,57,57,255 57,57,57,255 57,57,57,255 57,57,57,255 57,57,57,255 57,57,57,255 57,57,57,255 57,57,57,255 57,57,57,255 57,57,57,255 57,57,57,255 57,57,57,255 57,57,57,255 57,57,57,255 57,57,57,255 57,57,57,255 57,57,57,255 57,57,57,255 57,57,57,255 57,57,57,255 57,57,57,255 57,57,57,255 57,57,57,255 57,57,57,255 57,57,57,255 57,57,57,255 57,57,57,255 57,57,57,255 71,71,71,255 171,171,171,255 217,217,217,255 102,102,102,255 0,0,0,255 0,0,0,64 0,0,0,0 0,0,0,0 0,0,0,0 0,0,0,0 0,0,0,0 0,0,0,0 0,0,0,0 0,0,0,0 0,0,0,0 0,0,0,0 
0,0,0,0 0,0,0,0 0,0,0,0 0,0,0,0 0,0,0,0 0,0,0,0 0,0,0,0 0,0,0,0 0,0,0,0 0,0,0,0 0,0,0,64 0,0,0,255 102,102,102,255 218,218,218,255 229,229,229,255 229,229,229,255 229,229,229,255 229,229,229,255 229,229,229,255 229,229,229,255 229,229,229,255 229,229,229,255 229,229,229,255 229,229,229,255 229,229,229,255 229,229,229,255 229,229,229,255 229,229,229,255 229,229,229,255 229,229,229,255 229,229,229,255 229,229,229,255 229,229,229,255 229,229,229,255 229,229,229,255 229,229,229,255 229,229,229,255 229,229,229,255 229,229,229,255 229,229,229,255 229,229,229,255 229,229,229,255 229,229,229,255 229,229,229,255 229,229,229,255 229,229,229,255 229,229,229,255 229,229,229,255 229,229,229,255 229,229,229,255 217,217,217,255 102,102,102,255 0,0,0,255 0,0,0,64 0,0,0,0 0,0,0,0 0,0,0,0 0,0,0,0 0,0,0,0 0,0,0,0 0,0,0,0 0,0,0,0 0,0,0,0 0,0,0,0 
0,0,0,0 0,0,0,0 0,0,0,0 0,0,0,0 0,0,0,0 0,0,0,0 0,0,0,0 0,0,0,0 0,0,0,0 0,0,0,0 0,0,0,64 0,0,0,255 102,102,102,255 218,218,218,255 214,214,214,255 172,172,172,255 172,172,172,255 172,172,172,255 172,172,172,255 172,172,172,255 172,172,172,255 172,172,172,255 172,172,172,255 172,172,172,255 172,172,172,255 172,172,172,255 172,172,172,255 172,172,172,255 172,172,172,255 172,172,172,255 214,214,214,255 229,229,229,255 229,229,229,255 214,214,214,255 172,172,172,255 172,172,172,255 172,172,172,255 172,172,172,255 172,172,172,255 172,172,172,255 172,172,172,255 172,172,172,255 172,172,172,255 172,172,172,255 172,172,172,255 172,172,172,255 172,172,172,255 172,172,172,255 172,172,172,255 214,214,214,255 217,217,217,255 102,102,102,255 0,0,0,255 0,0,0,64 0,0,0,0 0,0,0,0 0,0,0,0 0,0,0,0 0,0,0,0 0,0,0,0 0,0,0,0 0,0,0,0 0,0,0,0 0,0,0,0 
0,0,0,0 0,0,0,0 0,0,0,0 0,0,0,0 0,0,0,0 0,0,0,0 0,0,0,0 0,0,0,0 0,0,0,0 0,0,0,0 0,0,0,64 0,0,0,255 102,102,102,255 218,218,218,255 85,85,85,255 0,0,0,255 0,0,0,255 0,0,0,255 0,0,0,255 0,0,0,255 0,0,0,255 0,0,0,255 0,0,0,255 0,0,0,255 0,0,0,255 0,0,0,255 0,0,0,255 0,0,0,255 0,0,0,255 0,0,0,255 128,128,128,255 229,229,229,255 229,229,229,255 114,114,114,255 0,0,0,255 0,0,0,255 0,0,0,255 0,0,0,255 0,0,0,255 0,0,0,255 0,0,0,255 0,0,0,255 0,0,0,255 0,0,0,255 0,0,0,255 0,0,0,255 0,0,0,255 0,0,0,255 0,0,0,255 85,85,85,255 217,217,217,255 102,102,102,255 0,0,0,255 0,0,0,64 0,0,0,0 0,0,0,0 0,0,0,0 0,0,0,0 0,0,0,0 0,0,0,0 0,0,0,0 0,0,0,0 0,0,0,0 0,0,0,0 
0,0,0,0 0,0,0,0 0,0,0,0 0,0,0,0 0,0,0,0 0,0,0,0 0,0,0,0 0,0,0,0 0,0,0,0 0,0,0,0 0,0,0,64 0,0,0,255 102,102,102,255 218,218,218,255 57,57,57,255 0,0,0,255 49,101,102,255 49,100,102,255 49,100,102,255 49,100,102,255 49,100,102,255 49,100,102,255 49,100,102,255 49,100,102,255 49,100,102,255 49,100,102,255 49,100,102,255 49,100,102,255 37,76,77,255 0,0,0,255 114,114,114,255 229,229,229,255 229,229,229,255 114,114,114,255 0,0,0,255 37,76,77,255 49,100,102,255 49,100,102,255 49,100,102,255 49,100,102,255 49,100,102,255 49,100,102,255 49,100,102,255 49,100,102,255 49,100,102,255 49,100,102,255 49,100,102,255 37,76,77,255 0,0,0,255 57,57,57,255 217,217,217,255 102,102,102,255 0,0,0,255 0,0,0,64 0,0,0,0 0,0,0,0 0,0,0,0 0,0,0,0 0,0,0,0 0,0,0,0 0,0,0,0 0,0,0,0 0,0,0,0 0,0,0,0 
0,0,0,0 0,0,0,0 0,0,0,0 0,0,0,0 0,0,0,0 0,0,0,0 0,0,0,0 0,0,0,0 0,0,0,0 0,0,0,0 0,0,0,64 0,0,0,255 102,102,102,255 218,218,218,255 57,57,57,255 0,0,0,255 98,201,204,255 98,201,204,255 98,201,204,255 98,201,204,255 98,201,204,255 98,201,204,255 98,201,204,255 98,201,204,255 98,201,204,255 98,201,204,255 98,201,204,255 98,201,204,255 73,151,153,255 0,0,0,255 114,114,114,255 229,229,229,255 229,229,229,255 114,114,114,255 0,0,0,255 73,151,153,255 98,201,204,255 98,201,204,255 98,201,204,255 98,201,204,255 98,201,204,255 98,201,204,255 98,201,204,255 98,201,204,255 98,201,204,255 98,201,204,255 98,201,204,255 73,151,153,255 0,0,0,255 57,57,57,255 217,217,217,255 102,102,102,255 0,0,0,255 0,0,0,64 0,0,0,0 0,0,0,0 0,0,0,0 0,0,0,0 0,0,0,0 0,0,0,0 0,0,0,0 0,0,0,0 0,0,0,0 0,0,0,0 
0,0,0,0 0,0,0,0 0,0,0,0 0,0,0,0 0,0,0,0 0,0,0,0 0,0,0,0 0,0,0,0 0,0,0,0 0,0,0,0 0,0,0,64 0,0,0,255 102,102,102,255 218,218,218,255 57,57,57,255 0,0,0,255 98,201,204,255 98,201,204,255 98,201,204,255 98,201,204,255 98,201,204,255 98,201,204,255 98,201,204,255 98,201,204,255 98,201,204,255 98,201,204,255 98,201,204,255 98,201,204,255 73,151,153,255 0,0,0,255 114,114,114,255 229,229,229,255 229,229,229,255 114,114,114,255 0,0,0,255 73,151,153,255 98,201,204,255 98,201,204,255 98,201,204,255 98,201,204,255 98,201,204,255 98,201,204,255 98,201,204,255 98,201,204,255 98,201,204,255 98,201,204,255 98,201,204,255 73,151,153,255 0,0,0,255 57,57,57,255 217,217,217,255 102,102,102,255 0,0,0,255 0,0,0,64 0,0,0,0 0,0,0,0 0,0,0,0 0,0,0,0 0,0,0,0 0,0,0,0 0,0,0,0 0,0,0,0 0,0,0,0 0,0,0,0 
0,0,0,0 0,0,0,0 0,0,0,0 0,0,0,0 0,0,0,0 0,0,0,0 0,0,0,0 0,0,0,0 0,0,0,0 0,0,0,0 0,0,0,64 0,0,0,255 102,102,102,255 218,218,218,255 57,57,57,255 0,0,0,255 98,201,204,255 98,201,204,255 98,201,204,255 98,201,204,255 98,201,204,255 98,201,204,255 98,201,204,255 98,201,204,255 98,201,204,255 98,201,204,255 98,201,204,255 98,201,204,255 119,143,144,255 0,0,0,255 114,114,114,255 229,229,229,255 229,229,229,255 114,114,114,255 0,0,0,255 73,151,153,255 98,201,204,255 98,201,204,255 98,201,204,255 98,201,204,255 98,201,204,255 98,201,204,255 98,201,204,255 98,201,204,255 98,201,204,255 98,201,204,255 98,201,204,255 119,143,144,255 0,0,0,255 57,57,57,255 217,217,217,255 102,102,102,255 0,0,0,255 0,0,0,64 0,0,0,0 0,0,0,0 0,0,0,0 0,0,0,0 0,0,0,0 0,0,0,0 0,0,0,0 0,0,0,0 0,0,0,0 0,0,0,0 
0,0,0,0 0,0,0,0 0,0,0,0 0,0,0,0 0,0,0,0 0,0,0,0 0,0,0,0 0,0,0,0 0,0,0,0 0,0,0,0 0,0,0,64 0,0,0,255 102,102,102,255 218,218,218,255 57,57,57,255 0,0,0,255 98,201,204,255 98,201,204,255 98,201,204,255 98,201,204,255 98,201,204,255 98,201,204,255 98,201,204,255 98,201,204,255 98,201,204,255 98,201,204,255 98,201,204,255 173,188,188,255 192,192,192,255 0,0,0,255 114,114,114,255 229,229,229,255 229,229,229,255 114,114,114,255 0,0,0,255 73,151,153,255 98,201,204,255 98,201,204,255 98,201,204,255 98,201,204,255 98,201,204,255 98,201,204,255 98,201,204,255 98,201,204,255 98,201,204,255 98,201,204,255 173,188,188,255 192,192,192,255 0,0,0,255 57,57,57,255 217,217,217,255 102,102,102,255 0,0,0,255 0,0,0,64 0,0,0,0 0,0,0,0 0,0,0,0 0,0,0,0 0,0,0,0 0,0,0,0 0,0,0,0 0,0,0,0 0,0,0,0 0,0,0,0 
0,0,0,0 0,0,0,0 0,0,0,0 0,0,0,0 0,0,0,0 0,0,0,0 0,0,0,0 0,0,0,0 0,0,0,0 0,0,0,0 0,0,0,64 0,0,0,255 102,102,102,255 218,218,218,255 57,57,57,255 0,0,0,255 98,201,204,255 98,201,204,255 98,201,204,255 98,201,204,255 98,201,204,255 98,201,204,255 98,201,204,255 98,201,204,255 98,201,204,255 98,201,204,255 173,188,188,255 255,255,255,255 192,192,192,255 0,0,0,255 114,114,114,255 229,229,229,255 229,229,229,255 114,114,114,255 0,0,0,255 73,151,153,255 98,201,204,255 98,201,204,255 98,201,204,255 98,201,204,255 98,201,204,255 98,201,204,255 98,201,204,255 98,201,204,255 98,201,204,255 173,188,188,255 255,255,255,255 192,192,192,255 0,0,0,255 57,57,57,255 217,217,217,255 102,102,102,255 0,0,0,255 0,0,0,64 0,0,0,0 0,0,0,0 0,0,0,0 0,0,0,0 0,0,0,0 0,0,0,0 0,0,0,0 0,0,0,0 0,0,0,0 0,0,0,0 
0,0,0,0 0,0,0,0 0,0,0,0 0,0,0,0 0,0,0,0 0,0,0,0 0,0,0,0 0,0,0,0 0,0,0,0 0,0,0,0 0,0,0,64 0,0,0,255 102,102,102,255 218,218,218,255 57,57,57,255 0,0,0,255 98,201,204,255 98,201,204,255 98,201,204,255 98,201,204,255 98,201,204,255 98,201,204,255 98,201,204,255 98,201,204,255 98,201,204,255 173,188,188,255 255,255,255,255 255,255,255,255 192,192,192,255 0,0,0,255 114,114,114,255 229,229,229,255 229,229,229,255 114,114,114,255 0,0,0,255 73,151,153,255 98,201,204,255 98,201,204,255 98,201,204,255 98,201,204,255 98,201,204,255 98,201,204,255 98,201,204,255 98,201,204,255 173,188,188,255 255,255,255,255 255,255,255,255 192,192,192,255 0,0,0,255 57,57,57,255 217,217,217,255 102,102,102,255 0,0,0,255 0,0,0,64 0,0,0,0 0,0,0,0 0,0,0,0 0,0,0,0 0,0,0,0 0,0,0,0 0,0,0,0 0,0,0,0 0,0,0,0 0,0,0,0 
0,0,0,0 0,0,0,0 0,0,0,0 0,0,0,0 0,0,0,0 0,0,0,0 0,0,0,0 0,0,0,0 0,0,0,0 0,0,0,0 0,0,0,64 0,0,0,255 102,102,102,255 218,218,218,255 57,57,57,255 0,0,0,255 98,201,204,255 98,201,204,255 98,201,204,255 98,201,204,255 98,201,204,255 98,201,204,255 98,201,204,255 98,201,204,255 173,188,188,255 255,255,255,255 255,255,255,255 255,255,255,255 129,147,148,255 0,0,0,255 114,114,114,255 229,229,229,255 229,229,229,255 114,114,114,255 0,0,0,255 73,151,153,255 98,201,204,255 98,201,204,255 98,201,204,255 98,201,204,255 98,201,204,255 98,201,204,255 98,201,204,255 173,188,188,255 255,255,255,255 255,255,255,255 255,255,255,255 151,160,161,255 0,0,0,255 57,57,57,255 217,217,217,255 102,102,102,255 0,0,0,255 0,0,0,64 0,0,0,0 0,0,0,0 0,0,0,0 0,0,0,0 0,0,0,0 0,0,0,0 0,0,0,0 0,0,0,0 0,0,0,0 0,0,0,0 
0,0,0,0 0,0,0,0 0,0,0,0 0,0,0,0 0,0,0,0 0,0,0,0 0,0,0,0 0,0,0,0 0,0,0,0 0,0,0,0 0,0,0,64 0,0,0,255 102,102,102,255 218,218,218,255 57,57,57,255 0,0,0,255 98,201,204,255 98,201,204,255 98,201,204,255 98,201,204,255 98,201,204,255 98,201,204,255 98,201,204,255 173,188,188,255 255,255,255,255 255,255,255,255 255,255,255,255 134,174,176,255 73,151,153,255 0,0,0,255 114,114,114,255 229,229,229,255 229,229,229,255 114,114,114,255 0,0,0,255 73,151,153,255 98,201,204,255 98,201,204,255 98,201,204,255 98,201,204,255 98,201,204,255 98,201,204,255 173,188,188,255 255,255,255,255 255,255,255,255 255,255,255,255 173,188,188,255 73,151,153,255 0,0,0,255 57,57,57,255 217,217,217,255 102,102,102,255 0,0,0,255 0,0,0,64 0,0,0,0 0,0,0,0 0,0,0,0 0,0,0,0 0,0,0,0 0,0,0,0 0,0,0,0 0,0,0,0 0,0,0,0 0,0,0,0 
0,0,0,0 0,0,0,0 0,0,0,0 0,0,0,0 0,0,0,0 0,0,0,0 0,0,0,0 0,0,0,0 0,0,0,0 0,0,0,0 0,0,0,64 0,0,0,255 102,102,102,255 218,218,218,255 57,57,57,255 0,0,0,255 98,201,204,255 98,201,204,255 98,201,204,255 98,201,204,255 98,201,204,255 98,201,204,255 173,188,188,255 255,255,255,255 255,255,255,255 255,255,255,255 134,174,176,255 98,201,204,255 73,151,153,255 0,0,0,255 114,114,114,255 229,229,229,255 229,229,229,255 114,114,114,255 0,0,0,255 73,151,153,255 98,201,204,255 98,201,204,255 98,201,204,255 98,201,204,255 98,201,204,255 173,188,188,255 255,255,255,255 255,255,255,255 255,255,255,255 173,188,188,255 98,201,204,255 73,151,153,255 0,0,0,255 57,57,57,255 217,217,217,255 102,102,102,255 0,0,0,255 0,0,0,64 0,0,0,0 0,0,0,0 0,0,0,0 0,0,0,0 0,0,0,0 0,0,0,0 0,0,0,0 0,0,0,0 0,0,0,0 0,0,0,0 
0,0,0,0 0,0,0,0 0,0,0,0 0,0,0,0 0,0,0,0 0,0,0,0 0,0,0,0 0,0,0,0 0,0,0,0 0,0,0,0 0,0,0,64 0,0,0,255 102,102,102,255 218,218,218,255 57,57,57,255 0,0,0,255 98,201,204,255 98,201,204,255 98,201,204,255 98,201,204,255 98,201,204,255 173,188,188,255 255,255,255,255 255,255,255,255 255,255,255,255 134,174,176,255 98,201,204,255 98,201,204,255 73,151,153,255 0,0,0,255 114,114,114,255 229,229,229,255 229,229,229,255 114,114,114,255 0,0,0,255 73,151,153,255 98,201,204,255 98,201,204,255 98,201,204,255 98,201,204,255 173,188,188,255 255,255,255,255 255,255,255,255 255,255,255,255 173,188,188,255 98,201,204,255 98,201,204,255 73,151,153,255 0,0,0,255 57,57,57,255 217,217,217,255 102,102,102,255 0,0,0,255 0,0,0,64 0,0,0,0 0,0,0,0 0,0,0,0 0,0,0,0 0,0,0,0 0,0,0,0 0,0,0,0 0,0,0,0 0,0,0,0 0,0,0,0 
0,0,0,0 0,0,0,0 0,0,0,0 0,0,0,0 0,0,0,0 0,0,0,0 0,0,0,0 0,0,0,0 0,0,0,0 0,0,0,0 0,0,0,64 0,0,0,255 102,102,102,255 218,218,218,255 57,57,57,255 0,0,0,255 98,201,204,255 98,201,204,255 98,201,204,255 98,201,204,255 173,188,188,255 255,255,255,255 255,255,255,255 255,255,255,255 134,174,176,255 98,201,204,255 98,201,204,255 98,201,204,255 73,151,153,255 0,0,0,255 114,114,114,255 229,229,229,255 229,229,229,255 114,114,114,255 0,0,0,255 73,151,153,255 98,201,204,255 98,201,204,255 98,201,204,255 173,188,188,255 255,255,255,255 255,255,255,255 255,255,255,255 173,188,188,255 98,201,204,255 98,201,204,255 98,201,204,255 73,151,153,255 0,0,0,255 57,57,57,255 217,217,217,255 102,102,102,255 0,0,0,255 0,0,0,64 0,0,0,0 0,0,0,0 0,0,0,0 0,0,0,0 0,0,0,0 0,0,0,0 0,0,0,0 0,0,0,0 0,0,0,0 0,0,0,0 
0,0,0,0 0,0,0,0 0,0,0,0 0,0,0,0 0,0,0,0 0,0,0,0 0,0,0,0 0,0,0,0 0,0,0,0 0,0,0,0 0,0,0,64 0,0,0,255 102,102,102,255 218,218,218,255 57,57,57,255 0,0,0,255 98,201,204,255 98,201,204,255 98,201,204,255 173,188,188,255 255,255,255,255 255,255,255,255 255,255,255,255 134,174,176,255 98,201,204,255 98,201,204,255 98,201,204,255 98,201,204,255 73,151,153,255 0,0,0,255 114,114,114,255 229,229,229,255 229,229,229,255 114,114,114,255 0,0,0,255 73,151,153,255 98,201,204,255 98,201,204,255 173,188,188,255 255,255,255,255 255,255,255,255 255,255,255,255 173,188,188,255 98,201,204,255 98,201,204,255 98,201,204,255 98,201,204,255 73,151,153,255 0,0,0,255 57,57,57,255 217,217,217,255 102,102,102,255 0,0,0,255 0,0,0,64 0,0,0,0 0,0,0,0 0,0,0,0 0,0,0,0 0,0,0,0 0,0,0,0 0,0,0,0 0,0,0,0 0,0,0,0 0,0,0,0 
0,0,0,0 0,0,0,0 0,0,0,0 0,0,0,0 0,0,0,0 0,0,0,0 0,0,0,0 0,0,0,0 0,0,0,0 0,0,0,0 0,0,0,64 0,0,0,255 102,102,102,255 218,218,218,255 57,57,57,255 0,0,0,255 98,201,204,255 98,201,204,255 173,188,188,255 255,255,255,255 255,255,255,255 255,255,255,255 134,174,176,255 98,201,204,255 98,201,204,255 98,201,204,255 98,201,204,255 98,201,204,255 73,151,153,255 0,0,0,255 114,114,114,255 229,229,229,255 229,229,229,255 114,114,114,255 0,0,0,255 73,151,153,255 98,201,204,255 173,188,188,255 255,255,255,255 255,255,255,255 255,255,255,255 173,188,188,255 98,201,204,255 98,201,204,255 98,201,204,255 98,201,204,255 98,201,204,255 73,151,153,255 0,0,0,255 57,57,57,255 217,217,217,255 102,102,102,255 0,0,0,255 0,0,0,64 0,0,0,0 0,0,0,0 0,0,0,0 0,0,0,0 0,0,0,0 0,0,0,0 0,0,0,0 0,0,0,0 0,0,0,0 0,0,0,0 
0,0,0,0 0,0,0,0 0,0,0,0 0,0,0,0 0,0,0,0 0,0,0,0 0,0,0,0 0,0,0,0 0,0,0,0 0,0,0,0 0,0,0,64 0,0,0,255 102,102,102,255 218,218,218,255 57,57,57,255 0,0,0,255 98,201,204,255 173,188,188,255 255,255,255,255 255,255,255,255 255,255,255,255 134,174,176,255 98,201,204,255 98,201,204,255 98,201,204,255 98,201,204,255 98,201,204,255 98,201,204,255 73,151,153,255 0,0,0,255 114,114,114,255 229,229,229,255 229,229,229,255 114,114,114,255 0,0,0,255 73,151,153,255 173,188,188,255 255,255,255,255 255,255,255,255 255,255,255,255 173,188,188,255 98,201,204,255 98,201,204,255 98,201,204,255 98,201,204,255 98,201,204,255 98,201,204,255 73,151,153,255 0,0,0,255 57,57,57,255 217,217,217,255 102,102,102,255 0,0,0,255 0,0,0,64 0,0,0,0 0,0,0,0 0,0,0,0 0,0,0,0 0,0,0,0 0,0,0,0 0,0,0,0 0,0,0,0 0,0,0,0 0,0,0,0 
0,0,0,0 0,0,0,0 0,0,0,0 0,0,0,0 0,0,0,0 0,0,0,0 0,0,0,0 0,0,0,0 0,0,0,0 0,0,0,0 0,0,0,64 0,0,0,255 102,102,102,255 218,218,218,255 57,57,57,255 0,0,0,255 173,188,188,255 255,255,255,255 255,255,255,255 255,255,255,255 134,174,176,255 98,201,204,255 98,201,204,255 98,201,204,255 98,201,204,255 98,201,204,255 98,201,204,255 98,201,204,255 73,151,153,255 0,0,0,255 114,114,114,255 229,229,229,255 229,229,229,255 114,114,114,255 0,0,0,255 151,160,161,255 255,255,255,255 255,255,255,255 255,255,255,255 173,188,188,255 98,201,204,255 98,201,204,255 98,201,204,255 98,201,204,255 98,201,204,255 98,201,204,255 98,201,204,255 73,151,153,255 0,0,0,255 57,57,57,255 217,217,217,255 102,102,102,255 0,0,0,255 0,0,0,64 0,0,0,0 0,0,0,0 0,0,0,0 0,0,0,0 0,0,0,0 0,0,0,0 0,0,0,0 0,0,0,0 0,0,0,0 0,0,0,0 
0,0,0,0 0,0,0,0 0,0,0,0 0,0,0,0 0,0,0,0 0,0,0,0 0,0,0,0 0,0,0,0 0,0,0,0 0,0,0,0 0,0,0,64 0,0,0,255 102,102,102,255 218,218,218,255 57,57,57,255 0,0,0,255 255,255,255,255 255,255,255,255 255,255,255,255 134,174,176,255 98,201,204,255 98,201,204,255 98,201,204,255 98,201,204,255 98,201,204,255 98,201,204,255 98,201,204,255 98,201,204,255 73,151,153,255 0,0,0,255 114,114,114,255 229,229,229,255 229,229,229,255 114,114,114,255 0,0,0,255 192,192,192,255 255,255,255,255 255,255,255,255 173,188,188,255 98,201,204,255 98,201,204,255 98,201,204,255 98,201,204,255 98,201,204,255 98,201,204,255 98,201,204,255 98,201,204,255 73,151,153,255 0,0,0,255 57,57,57,255 217,217,217,255 102,102,102,255 0,0,0,255 0,0,0,64 0,0,0,0 0,0,0,0 0,0,0,0 0,0,0,0 0,0,0,0 0,0,0,0 0,0,0,0 0,0,0,0 0,0,0,0 0,0,0,0 
0,0,0,0 0,0,0,0 0,0,0,0 0,0,0,0 0,0,0,0 0,0,0,0 0,0,0,0 0,0,0,0 0,0,0,0 0,0,0,0 0,0,0,64 0,0,0,255 102,102,102,255 218,218,218,255 57,57,57,255 0,0,0,255 255,255,255,255 255,255,255,255 134,174,176,255 98,201,204,255 98,201,204,255 98,201,204,255 98,201,204,255 98,201,204,255 98,201,204,255 98,201,204,255 98,201,204,255 98,201,204,255 73,151,153,255 0,0,0,255 114,114,114,255 229,229,229,255 229,229,229,255 114,114,114,255 0,0,0,255 192,192,192,255 255,255,255,255 173,188,188,255 98,201,204,255 98,201,204,255 98,201,204,255 98,201,204,255 98,201,204,255 98,201,204,255 98,201,204,255 98,201,204,255 98,201,204,255 73,151,153,255 0,0,0,255 57,57,57,255 217,217,217,255 102,102,102,255 0,0,0,255 0,0,0,64 0,0,0,0 0,0,0,0 0,0,0,0 0,0,0,0 0,0,0,0 0,0,0,0 0,0,0,0 0,0,0,0 0,0,0,0 0,0,0,0 
0,0,0,0 0,0,0,0 0,0,0,0 0,0,0,0 0,0,0,0 0,0,0,0 0,0,0,0 0,0,0,0 0,0,0,0 0,0,0,0 0,0,0,64 0,0,0,255 102,102,102,255 218,218,218,255 57,57,57,255 0,0,0,255 255,255,255,255 134,174,176,255 98,201,204,255 98,201,204,255 98,201,204,255 98,201,204,255 98,201,204,255 98,201,204,255 98,201,204,255 98,201,204,255 98,201,204,255 98,201,204,255 73,151,153,255 0,0,0,255 114,114,114,255 229,229,229,255 229,229,229,255 114,114,114,255 0,0,0,255 192,192,192,255 142,175,176,255 98,201,204,255 98,201,204,255 98,201,204,255 98,201,204,255 98,201,204,255 98,201,204,255 98,201,204,255 98,201,204,255 98,201,204,255 98,201,204,255 73,151,153,255 0,0,0,255 57,57,57,255 217,217,217,255 102,102,102,255 0,0,0,255 0,0,0,64 0,0,0,0 0,0,0,0 0,0,0,0 0,0,0,0 0,0,0,0 0,0,0,0 0,0,0,0 0,0,0,0 0,0,0,0 0,0,0,0 
0,0,0,0 0,0,0,0 0,0,0,0 0,0,0,0 0,0,0,0 0,0,0,0 0,0,0,0 0,0,0,0 0,0,0,0 0,0,0,0 0,0,0,64 0,0,0,255 102,102,102,255 218,218,218,255 57,57,57,255 0,0,0,255 134,174,176,255 98,201,204,255 98,201,204,255 98,201,204,255 98,201,204,255 98,201,204,255 98,201,204,255 98,201,204,255 98,201,204,255 98,201,204,255 98,201,204,255 98,201,204,255 73,151,153,255 0,0,0,255 114,114,114,255 229,229,229,255 229,229,229,255 114,114,114,255 0,0,0,255 92,139,141,255 98,201,204,255 98,201,204,255 98,201,204,255 98,201,204,255 98,201,204,255 98,201,204,255 98,201,204,255 98,201,204,255 98,201,204,255 98,201,204,255 98,201,204,255 73,151,153,255 0,0,0,255 57,57,57,255 217,217,217,255 102,102,102,255 0,0,0,255 0,0,0,64 0,0,0,0 0,0,0,0 0,0,0,0 0,0,0,0 0,0,0,0 0,0,0,0 0,0,0,0 0,0,0,0 0,0,0,0 0,0,0,0 
0,0,0,0 0,0,0,0 0,0,0,0 0,0,0,0 0,0,0,0 0,0,0,0 0,0,0,0 0,0,0,0 0,0,0,0 0,0,0,0 0,0,0,64 0,0,0,255 102,102,102,255 218,218,218,255 57,57,57,255 0,0,0,255 98,201,204,255 98,201,204,255 98,201,204,255 98,201,204,255 98,201,204,255 98,201,204,255 98,201,204,255 98,201,204,255 98,201,204,255 98,201,204,255 98,201,204,255 98,201,204,255 73,151,153,255 0,0,0,255 114,114,114,255 229,229,229,255 229,229,229,255 114,114,114,255 0,0,0,255 73,151,153,255 98,201,204,255 98,201,204,255 98,201,204,255 98,201,204,255 98,201,204,255 98,201,204,255 98,201,204,255 98,201,204,255 98,201,204,255 98,201,204,255 98,201,204,255 73,151,153,255 0,0,0,255 57,57,57,255 217,217,217,255 102,102,102,255 0,0,0,255 0,0,0,64 0,0,0,0 0,0,0,0 0,0,0,0 0,0,0,0 0,0,0,0 0,0,0,0 0,0,0,0 0,0,0,0 0,0,0,0 0,0,0,0 
0,0,0,0 0,0,0,0 0,0,0,0 0,0,0,0 0,0,0,0 0,0,0,0 0,0,0,0 0,0,0,0 0,0,0,0 0,0,0,0 0,0,0,64 0,0,0,255 102,102,102,255 218,218,218,255 57,57,57,255 0,0,0,255 0,0,0,255 0,0,0,255 0,0,0,255 0,0,0,255 0,0,0,255 0,0,0,255 0,0,0,255 0,0,0,255 0,0,0,255 0,0,0,255 0,0,0,255 0,0,0,255 0,0,0,255 0,0,0,255 114,114,114,255 229,229,229,255 229,229,229,255 114,114,114,255 0,0,0,255 0,0,0,255 0,0,0,255 0,0,0,255 0,0,0,255 0,0,0,255 0,0,0,255 0,0,0,255 0,0,0,255 0,0,0,255 0,0,0,255 0,0,0,255 0,0,0,255 0,0,0,255 0,0,0,255 71,71,71,255 217,217,217,255 102,102,102,255 0,0,0,255 0,0,0,64 0,0,0,0 0,0,0,0 0,0,0,0 0,0,0,0 0,0,0,0 0,0,0,0 0,0,0,0 0,0,0,0 0,0,0,0 0,0,0,0 
0,0,0,0 0,0,0,0 0,0,0,0 0,0,0,0 0,0,0,0 0,0,0,0 0,0,0,0 0,0,0,0 0,0,0,0 0,0,0,0 0,0,0,64 0,0,0,255 102,102,102,255 218,218,218,255 171,171,171,255 57,57,57,255 57,57,57,255 57,57,57,255 57,57,57,255 57,57,57,255 57,57,57,255 57,57,57,255 57,57,57,255 57,57,57,255 57,57,57,255 57,57,57,255 57,57,57,255 57,57,57,255 57,57,57,255 71,71,71,255 200,200,200,255 229,229,229,255 229,229,229,255 186,186,186,255 57,57,57,255 57,57,57,255 57,57,57,255 57,57,57,255 57,57,57,255 57,57,57,255 57,57,57,255 57,57,57,255 57,57,57,255 57,57,57,255 57,57,57,255 57,57,57,255 57,57,57,255 57,57,57,255 57,57,57,255 171,171,171,255 217,217,217,255 102,102,102,255 0,0,0,255 0,0,0,64 0,0,0,0 0,0,0,0 0,0,0,0 0,0,0,0 0,0,0,0 0,0,0,0 0,0,0,0 0,0,0,0 0,0,0,0 0,0,0,0 
0,0,0,0 0,0,0,0 0,0,0,0 0,0,0,0 0,0,0,0 0,0,0,0 0,0,0,0 0,0,0,0 0,0,0,0 0,0,0,0 0,0,0,64 0,0,0,255 102,102,102,255 212,212,212,255 216,216,216,255 216,216,216,255 216,216,216,255 216,216,216,255 216,216,216,255 216,216,216,255 216,216,216,255 216,216,216,255 216,216,216,255 216,216,216,255 216,216,216,255 216,216,216,255 216,216,216,255 216,216,216,255 216,216,216,255 216,216,216,255 216,216,216,255 216,216,216,255 216,216,216,255 216,216,216,255 216,216,216,255 216,216,216,255 216,216,216,255 216,216,216,255 216,216,216,255 216,216,216,255 216,216,216,255 216,216,216,255 216,216,216,255 216,216,216,255 216,216,216,255 216,216,216,255 216,216,216,255 216,216,216,255 216,216,216,255 216,216,216,255 211,211,211,255 102,102,102,255 0,0,0,255 0,0,0,64 0,0,0,0 0,0,0,0 0,0,0,0 0,0,0,0 0,0,0,0 0,0,0,0 0,0,0,0 0,0,0,0 0,0,0,0 0,0,0,0 
0,0,0,0 0,0,0,0 0,0,0,0 0,0,0,0 0,0,0,0 0,0,0,0 0,0,0,0 0,0,0,80 0,0,0,127 0,0,0,127 0,0,0,159 0,0,0,255 51,51,51,255 102,102,102,255 102,102,102,255 102,102,102,255 102,102,102,255 102,102,102,255 102,102,102,255 102,102,102,255 102,102,102,255 102,102,102,255 102,102,102,255 102,102,102,255 102,102,102,255 102,102,102,255 102,102,102,255 102,102,102,255 102,102,102,255 102,102,102,255 102,102,102,255 102,102,102,255 102,102,102,255 102,102,102,255 102,102,102,255 102,102,102,255 102,102,102,255 102,102,102,255 102,102,102,255 102,102,102,255 102,102,102,255 102,102,102,255 102,102,102,255 102,102,102,255 102,102,102,255 102,102,102,255 102,102,102,255 102,102,102,255 102,102,102,255 102,102,102,255 102,102,102,255 51,51,51,255 0,0,0,255 0,0,0,159 0,0,0,127 0,0,0,127 0,0,0,80 0,0,0,0 0,0,0,0 0,0,0,0 0,0,0,0 0,0,0,0 0,0,0,0 0,0,0,0 
0,0,0,0 0,0,0,0 0,0,0,0 0,0,0,0 0,0,0,0 0,0,0,0 0,0,0,0 0,0,0,255 0,0,0,255 0,0,0,255 0,0,0,255 0,0,0,255 0,0,0,255 0,0,0,255 0,0,0,255 0,0,0,255 0,0,0,255 0,0,0,255 0,0,0,255 0,0,0,255 0,0,0,255 0,0,0,255 0,0,0,255 0,0,0,255 0,0,0,255 0,0,0,255 0,0,0,255 0,0,0,255 0,0,0,255 0,0,0,255 0,0,0,255 0,0,0,255 0,0,0,255 0,0,0,255 0,0,0,255 0,0,0,255 0,0,0,255 0,0,0,255 0,0,0,255 0,0,0,255 0,0,0,255 0,0,0,255 0,0,0,255 0,0,0,255 0,0,0,255 0,0,0,255 0,0,0,255 0,0,0,255 0,0,0,255 0,0,0,255 0,0,0,255 0,0,0,255 0,0,0,255 0,0,0,255 0,0,0,255 0,0,0,255 0,0,0,239 0,0,0,0 0,0,0,0 0,0,0,0 0,0,0,0 0,0,0,0 0,0,0,0 0,0,0,0 
0,0,0,0 0,0,0,0 0,0,0,0 0,0,0,0 0,0,0,0 0,0,0,0 0,0,0,0 0,0,0,255 44,29,11,255 179,117,45,255 179,117,45,255 179,117,45,255 179,117,45,255 179,117,45,255 179,117,45,255 179,117,45,255 179,117,45,255 179,117,45,255 179,117,45,255 179,117,45,255 179,117,45,255 179,117,45,255 179,117,45,255 179,117,45,255 179,117,45,255 179,117,45,255 179,117,45,255 179,117,45,255 179,117,45,255 179,117,45,255 179,117,45,255 179,117,45,255 179,117,45,255 179,117,45,255 179,117,45,255 179,117,45,255 179,117,45,255 179,117,45,255 179,117,45,255 179,117,45,255 179,117,45,255 179,117,45,255 179,117,45,255 179,117,45,255 179,117,45,255 179,117,45,255 179,117,45,255 179,117,45,255 179,117,45,255 179,117,45,255 179,117,45,255 179,117,45,255 179,117,45,255 179,117,45,255 179,117,45,255 44,29,11,255 0,0,0,255 0,0,0,0 0,0,0,0 0,0,0,0 0,0,0,0 0,0,0,0 0,0,0,0 0,0,0,0 
0,0,0,0 0,0,0,0 0,0,0,0 0,0,0,0 0,0,0,0 0,0,0,0 0,0,0,0 0,0,0,255 59,39,15,255 239,157,60,255 239,157,60,255 239,157,60,255 239,157,60,255 239,157,60,255 239,157,60,255 239,157,60,255 239,157,60,255 239,157,60,255 239,157,60,255 239,157,60,255 239,157,60,255 239,157,60,255 239,157,60,255 239,157,60,255 239,157,60,255 239,157,60,255 239,157,60,255 239,157,60,255 239,157,60,255 239,157,60,255 239,157,60,255 239,157,60,255 239,157,60,255 239,157,60,255 239,157,60,255 239,157,60,255 239,157,60,255 239,157,60,255 239,157,60,255 239,157,60,255 239,157,60,255 239,157,60,255 239,157,60,255 239,157,60,255 239,157,60,255 239,157,60,255 239,157,60,255 239,157,60,255 239,157,60,255 239,157,60,255 239,157,60,255 239,157,60,255 239,157,60,255 239,157,60,255 239,157,60,255 59,39,15,255 0,0,0,255 0,0,0,0 0,0,0,0 0,0,0,0 0,0,0,0 0,0,0,0 0,0,0,0 0,0,0,0 
0,0,0,0 0,0,0,0 0,0,0,0 0,0,0,0 0,0,0,0 0,0,0,0 0,0,0,0 0,0,0,255 58,34,11,255 232,137,45,255 232,137,45,255 232,137,45,255 232,137,45,255 232,137,45,255 232,137,45,255 232,137,45,255 232,137,45,255 232,137,45,255 232,137,45,255 232,137,45,255 232,137,45,255 232,137,45,255 232,137,45,255 232,137,45,255 232,137,45,255 232,137,45,255 232,137,45,255 232,137,45,255 232,137,45,255 232,137,45,255 232,137,45,255 232,137,45,255 232,137,45,255 232,137,45,255 232,137,45,255 232,137,45,255 232,137,45,255 232,137,45,255 232,137,45,255 232,137,45,255 232,137,45,255 232,137,45,255 232,137,45,255 232,137,45,255 232,137,45,255 232,137,45,255 232,137,45,255 232,137,45,255 232,137,45,255 232,137,45,255 232,137,45,255 232,137,45,255 232,137,45,255 232,137,45,255 232,137,45,255 58,34,11,255 0,0,0,255 0,0,0,0 0,0,0,0 0,0,0,0 0,0,0,0 0,0,0,0 0,0,0,0 0,0,0,0 
0,0,0,0 0,0,0,0 0,0,0,0 0,0,0,0 0,0,0,0 0,0,0,0 0,0,0,0 0,0,0,255 29,15,3,255 113,59,15,255 113,59,15,255 113,59,15,255 113,59,15,255 113,59,15,255 113,59,15,255 113,59,15,255 113,59,15,255 113,59,15,255 113,59,15,255 113,59,15,255 113,59,15,255 113,59,15,255 113,59,15,255 113,59,15,255 113,59,15,255 113,59,15,255 113,59,15,255 113,59,15,255 113,59,15,255 113,59,15,255 113,59,15,255 113,59,15,255 113,59,15,255 113,59,15,255 113,59,15,255 113,59,15,255 113,59,15,255 113,59,15,255 113,59,15,255 113,59,15,255 113,59,15,255 113,59,15,255 113,59,15,255 113,59,15,255 113,59,15,255 183,96,24,255 226,119,30,255 226,119,30,255 211,111,28,255 113,59,15,255 113,59,15,255 113,59,15,255 113,59,15,255 113,59,15,255 113,59,15,255 29,15,3,255 0,0,0,255 0,0,0,0 0,0,0,0 0,0,0,0 0,0,0,0 0,0,0,0 0,0,0,0 0,0,0,0 
0,0,0,0 0,0,0,0 0,0,0,0 0,0,0,0 0,0,0,0 0,0,0,0 0,0,0,0 1,1,0,226 0,0,0,255 0,0,0,255 0,0,0,255 0,0,0,255 0,0,0,255 0,0,0,255 0,0,0,255 0,0,0,255 0,0,0,255 0,0,0,255 0,0,0,255 0,0,0,255 0,0,0,255 0,0,0,255 0,0,0,255 0,0,0,255 0,0,0,255 0,0,0,255 0,0,0,255 0,0,0,255 0,0,0,255 0,0,0,255 0,0,0,255 0,0,0,255 0,0,0,255 0,0,0,255 0,0,0,255 0,0,0,255 0,0,0,255 0,0,0,255 0,0,0,255 0,0,0,255 0,0,0,255 0,0,0,255 0,0,0,255 0,0,0,255 0,0,0,255 83,48,15,175 232,134,41,112 232,134,41,112 97,55,17,166 0,0,0,255 0,0,0,255 0,0,0,255 0,0,0,255 0,0,0,255 0,0,0,255 0,0,0,255 0,0,0,224 0,0,0,0 0,0,0,0 0,0,0,0 0,0,0,0 0,0,0,0 0,0,0,0 0,0,0,0 
0,0,0,0 0,0,0,0 0,0,0,0 0,0,0,0 0,0,0,0 0,0,0,0 0,0,0,0 0,0,0,16 0,0,0,64 0,0,0,64 0,0,0,64 0,0,0,64 0,0,0,64 0,0,0,64 0,0,0,64 0,0,0,64 0,0,0,64 0,0,0,64 0,0,0,64 0,0,0,64 0,0,0,64 0,0,0,64 0,0,0,64 0,0,0,64 0,0,0,64 0,0,0,64 0,0,0,64 0,0,0,64 0,0,0,64 0,0,0,64 0,0,0,64 0,0,0,64 0,0,0,64 0,0,0,64 0,0,0,64 0,0,0,64 0,0,0,64 0,0,0,64 0,0,0,64 0,0,0,64 0,0,0,64 0,0,0,64 0,0,0,64 0,0,0,64 0,0,0,48 0,0,0,0 0,0,0,0 0,0,0,0 0,0,0,0 0,0,0,48 0,0,0,64 0,0,0,64 0,0,0,64 0,0,0,64 0,0,0,64 0,0,0,64 0,0,0,16 0,0,0,0 0,0,0,0 0,0,0,0 0,0,0,0 0,0,0,0 0,0,0,0 0,0,0,0 
0,0,0,0 0,0,0,0 0,0,0,0 0,0,0,0 0,0,0,0 0,0,0,0 0,0,0,0 0,0,0,0 0,0,0,0 0,0,0,0 0,0,0,0 0,0,0,0 0,0,0,0 0,0,0,0 0,0,0,0 0,0,0,0 0,0,0,0 0,0,0,0 0,0,0,0 0,0,0,0 0,0,0,0 0,0,0,0 0,0,0,0 0,0,0,0 0,0,0,0 0,0,0,0 0,0,0,0 0,0,0,0 0,0,0,0 0,0,0,0 0,0,0,0 0,0,0,0 0,0,0,0 0,0,0,0 0,0,0,0 0,0,0,0 0,0,0,0 0,0,0,0 0,0,0,0 0,0,0,0 0,0,0,0 0,0,0,0 0,0,0,0 0,0,0,0 0,0,0,0 0,0,0,0 0,0,0,0 0,0,0,0 0,0,0,0 0,0,0,0 0,0,0,0 0,0,0,0 0,0,0,0 0,0,0,0 0,0,0,0 0,0,0,0 0,0,0,0 0,0,0,0 0,0,0,0 0,0,0,0 0,0,0,0 0,0,0,0 0,0,0,0 0,0,0,0 
0,0,0,0 0,0,0,0 0,0,0,0 0,0,0,0 0,0,0,0 0,0,0,0 0,0,0,0 0,0,0,0 0,0,0,0 0,0,0,0 0,0,0,0 0,0,0,0 0,0,0,0 0,0,0,0 0,0,0,0 0,0,0,0 0,0,0,0 0,0,0,0 0,0,0,0 0,0,0,0 0,0,0,0 0,0,0,0 0,0,0,0 0,0,0,0 0,0,0,0 0,0,0,0 0,0,0,0 0,0,0,0 0,0,0,0 0,0,0,0 0,0,0,0 0,0,0,0 0,0,0,0 0,0,0,0 0,0,0,0 0,0,0,0 0,0,0,0 0,0,0,0 0,0,0,0 0,0,0,0 0,0,0,0 0,0,0,0 0,0,0,0 0,0,0,0 0,0,0,0 0,0,0,0 0,0,0,0 0,0,0,0 0,0,0,0 0,0,0,0 0,0,0,0 0,0,0,0 0,0,0,0 0,0,0,0 0,0,0,0 0,0,0,0 0,0,0,0 0,0,0,0 0,0,0,0 0,0,0,0 0,0,0,0 0,0,0,0 0,0,0,0 0,0,0,0 
0,0,0,0 0,0,0,0 0,0,0,0 0,0,0,0 0,0,0,0 0,0,0,0 0,0,0,0 0,0,0,0 0,0,0,0 0,0,0,0 0,0,0,0 0,0,0,0 0,0,0,0 0,0,0,0 0,0,0,0 0,0,0,0 0,0,0,0 0,0,0,0 0,0,0,0 0,0,0,0 0,0,0,0 0,0,0,0 0,0,0,0 0,0,0,0 0,0,0,0 0,0,0,0 0,0,0,0 0,0,0,0 0,0,0,0 0,0,0,0 0,0,0,0 0,0,0,0 0,0,0,0 0,0,0,0 0,0,0,0 0,0,0,0 0,0,0,0 0,0,0,0 0,0,0,0 0,0,0,0 0,0,0,0 0,0,0,0 0,0,0,0 0,0,0,0 0,0,0,0 0,0,0,0 0,0,0,0 0,0,0,0 0,0,0,0 0,0,0,0 0,0,0,0 0,0,0,0 0,0,0,0 0,0,0,0 0,0,0,0 0,0,0,0 0,0,0,0 0,0,0,0 0,0,0,0 0,0,0,0 0,0,0,0 0,0,0,0 0,0,0,0 0,0,0,0 
